11165
1164
12025
12080
12320
1236
12364
12373
12554
1263
12726
12731
12849
12957
13156
1317
13174
13256
13448
1366
1375
1394
1395
14055
14081
14087
14121
14215
14674
14740
1488
14970
14987
1505
1506
15648
15740
15747
15809
16098
16227
16233
16282
1631
16356
16365
16398
1642
1648
1649
1652
16775
16819
16914
1696
16962
1713
17132
1721
1726
1740
17408
17443
17820
17828
17846
18001
18073
18279
18294
18374
18536
18617
18623
18764
19019
19032
19092
19497
19525
19542
19578
19579
19714
19764
19856
19916
20198
20294
20295
20417
20488
20570
20817
20882
20971
21093
21144
21200
21364
21412
21800
21826
21862
21891
21901
21909
21932
21954
22081
22127
22183
22368
2257
22577
22581
22686
22695
22698
22768
22776
22898
22928
22953
22981
22993
23345
23486
23523
23613
23662
23821
23825
2384
23861
23904
23913
2432
2464
25905
2613
2620
26265
26350
26554
2750
27550
2808
28121
28167
28352
28509
28602
28610
28651
2940
29692
2986
29996
30146
30251
30286
30756
30872
32031
32285
32709
32759
32765
32833
33350
33506
34022
34088
34596
34636
34842
35176
35334
35594
35623
35959
36037
36847
37474
37592
37857
37892
39152
39618
40003
40919
41584
41878
41993
42405
42412
42536
42817
42904
43041
43213
43377
43590
44363
44585
44721
44829
44917
45217
45294
45576
45701
46065
46884
46934
46989
47005
47095
47204
47205
47403
47525
47787
48078
48412
48518
49225
49262
49309
49516
49630
49829
50602
50885
50931
50949
50990
51053
51190
51698
51973
52180
52344
52441
52466
52523
52595
52831
52916
53312
53394
53722
53994
54153
54526
54655
55319
55669
56109
56302
56375
56765
56849
56878
57142
57211
57677
57897
57992
58454
58468
58682
58755
58768
58800
59029
59063
5936
59414
59589
59665
59735
59773
59820
59911
60136
60145
60184
60308
60388
60599
60718
60768
60786
61009
61042
61069
61093
61145
6115
61247
61320
61397
61398
61411
61439
61531
61537
61630
62056
62142
62154
62242
62248
62268
62297
62337
62475
62485
6285
62859
62892
62912
63024
6308
63224
63322
63556
63557
63741
63834
63840
63848
63904
64139
64607
64662
64750
64777
64805
64823
64859
64987
64993
65009
65129
65161
65215
65296
65323
65388
6546
65460
65511
65604
65614
65666
65933
65955
66193
66259
6632
66324
66678
66724
66885
67050
67117
6714
67162
67253
67444
67458
67528
67579
67717
6777
67907
68276
68295
68595
68618
68833
68888
68925
68951
69141
6920
69351
69432
69467
69498
69553
69652
69726
69758
6977
69804
69889
69956
69958
69965
69981
70117
70261
70354
70476
70699
70744
70949
70997
7110
71207
7124
71286
71291
71330
71336
71369
71475
71500
71696
71719
7176
71769
71776
7188
71914
72035
7205
72143
72203
72204
72285
72337
72391
72478
72495
72568
72570
72841
72864
72935
73008
7328
73342
73526
73587
73686
7369
7371
73779
7378
73817
73824
73828
73902
74036
74048
74087
74161
74204
74210
74355
74372
74400
74475
74575
74926
74966
75029
75076
75143
75306
75340
75369
75400
75514
75828
75834
76017
7602
76443
7647
76586
76868
7688
77165
77166
77343
77354
77657
77684
77825
7789
78044
78068
78078
78100
78236
78237
78238
78266
78269
78316
78345
78458
78463
78515
78796
78946
79028
79218
79389
79528
7954
79594
79680
79738
79743
79835
79849
7991
8014
80159
8024
80277
8084
80943
8099
81034
81240
8141
81411
81433
81511
81526
81585
8162
8163
8179
81825
81959
82027
82110
8233
82463
82465
8253
82555
82713
82816
82970
83028
83186
83289
83416
83527
8361
83650
83765
83792
83796
8384
83862
84008
8406
84060
84121
84152
8419
84198
84209
84284
84364
84375
84387
84388
84593
84620
84678
8473
8491
84945
8502
8522
85401
85554
85696
85725
85860
8590
85994
8603
8606
86109
8618
8629
86371
86377
8643
86511
86575
86595
86798
86853
86862
869
86905
86937
86986
87157
8723
87254
87255
87256
87257
87258
87259
87418
87472
8761
8765
8770
87732
87749
88172
8823
88254
88296
88316
8832
88324
88730
8874
88962
89077
89105
89225
89226
89327
89424
89466
89810
89869
89956
90422
9048
90860
9108
91134
91137
91164
91185
91293
91294
91356
9167
91727
91760
91826
91879
91969
91977
92035
92083
9229
92304
92498
92787
92951
93230
9368
93697
93711
9373
9384
93849
93850
9394
93996
94318
94382
9463
94773
94774
95073
95074
95086
95133
95134
95135
95136
9522
95545
95550
957
9578
95998
96016
9621
96592
9716
9718
97249
97304
9735
9745
9789
9803
9804
98067
98300
98348
9885
98879
98992
99516
99634
9969
99765
99996
10451
10457
12507
12749
16256
17859
19114
19177
19909
19996
20121
20941
21048
21738
22080
22206
22518
22546
22848
22851
22936
23070
23217
23245
25965
27162
28229
2975
5798
6188
9225
